service_id,date,exception_type
1,20200601,1
13,20200526,2
13,20200527,2
13,20200528,2
13,20200529,2
13,20200601,2
13,20200602,2
13,20200603,2
13,20200604,2
13,20200605,2
13,20200608,2
13,20200609,2
13,20200610,2
13,20200611,2
13,20200612,2
13,20200615,2
13,20200616,2
13,20200617,2
13,20200618,2
13,20200619,2
13,20200622,2
13,20200623,2
13,20200624,2
13,20200625,2
13,20200626,2
13,20200629,2
13,20200630,2
13,20200701,2
13,20200702,2
13,20200703,2
13,20200720,2
13,20200721,2
13,20200722,2
13,20200723,2
13,20200724,2
13,20200727,2
13,20200728,2
13,20200729,2
13,20200730,2
13,20200731,2
13,20200803,2
13,20200804,2
13,20200805,2
13,20200806,2
13,20200807,2
13,20200810,2
13,20200811,2
13,20200812,2
13,20200813,2
13,20200814,2
13,20200817,2
13,20200818,2
13,20200819,2
13,20200820,2
13,20200821,2
13,20200824,2
15,20200601,2
15,20200706,2
15,20200707,2
15,20200708,2
15,20200709,2
15,20200710,2
15,20200713,2
15,20200714,2
15,20200715,2
15,20200716,2
15,20200717,2
19,20200708,2
19,20200715,2
20,20200601,1
21,20200601,1
23,20200608,2
23,20200615,2
23,20200622,2
23,20200629,2
23,20200706,2
23,20200713,2
23,20200720,2
23,20200727,2
23,20200803,2
23,20200810,2
23,20200817,2
23,20200824,2
28,20200601,2
28,20200622,2
28,20200623,2
28,20200624,2
28,20200625,2
28,20200626,2
28,20200629,2
28,20200630,2
28,20200701,2
28,20200702,2
28,20200703,2
28,20200706,2
28,20200707,2
28,20200708,2
28,20200709,2
28,20200710,2
28,20200713,2
28,20200714,2
28,20200715,2
28,20200716,2
28,20200717,2
28,20200720,2
28,20200721,2
28,20200722,2
28,20200723,2
28,20200724,2
28,20200727,2
28,20200728,2
28,20200729,2
28,20200730,2
28,20200731,2
29,20200601,2
29,20200615,2
29,20200616,2
29,20200617,2
29,20200618,2
29,20200619,2
29,20200622,2
29,20200623,2
29,20200624,2
29,20200625,2
29,20200626,2
29,20200629,2
29,20200630,2
29,20200701,2
29,20200702,2
29,20200703,2
29,20200706,2
29,20200707,2
29,20200708,2
29,20200709,2
29,20200710,2
29,20200713,2
29,20200714,2
29,20200715,2
29,20200716,2
29,20200717,2
32,20200601,2
33,20200601,1
34,20200707,2
34,20200714,2
35,20200709,2
35,20200716,2
36,20200710,2
36,20200717,2
38,20200601,2
38,20200706,2
38,20200707,2
38,20200708,2
38,20200709,2
38,20200713,2
38,20200714,2
38,20200715,2
38,20200716,2
39,20200707,2
39,20200708,2
39,20200709,2
39,20200710,2
39,20200714,2
39,20200715,2
39,20200716,2
39,20200717,2
40,20200601,2
40,20200706,2
40,20200707,2
40,20200708,2
40,20200710,2
40,20200713,2
40,20200714,2
40,20200715,2
40,20200717,2
41,20200601,2
41,20200706,2
41,20200708,2
41,20200709,2
41,20200710,2
41,20200713,2
41,20200715,2
41,20200716,2
41,20200717,2
42,20200601,2
42,20200706,2
42,20200707,2
42,20200709,2
42,20200710,2
42,20200713,2
42,20200714,2
42,20200716,2
42,20200717,2
46,20200601,2
46,20200707,1
46,20200714,1
53,20200601,2
53,20200706,2
53,20200707,2
53,20200708,2
53,20200713,2
53,20200714,2
53,20200715,2
60,20200601,2
61,20200601,2
61,20200707,1
61,20200709,1
61,20200714,1
61,20200716,1
62,20200707,2
62,20200709,2
62,20200714,2
62,20200716,2
71,20200601,2
80,20200601,2
80,20200706,2
80,20200710,2
80,20200713,2
80,20200717,2
88,20200601,1
128,20200601,1
134,20200608,2
134,20200615,2
134,20200622,2
134,20200629,2
134,20200706,2
134,20200713,2
134,20200720,2
134,20200727,2
134,20200803,2
134,20200810,2
134,20200817,2
134,20200824,2
143,20200601,2
143,20200622,2
143,20200623,2
143,20200624,2
143,20200625,2
143,20200629,2
143,20200630,2
143,20200701,2
143,20200702,2
143,20200706,2
143,20200707,2
143,20200708,2
143,20200709,2
143,20200713,2
143,20200714,2
143,20200715,2
143,20200716,2
180,20200601,2
180,20200706,2
180,20200707,2
180,20200708,2
180,20200709,2
180,20200710,2
180,20200713,2
180,20200714,2
180,20200715,2
180,20200716,2
180,20200717,2
184,20200601,1
192,20200608,2
192,20200615,2
192,20200622,2
192,20200629,2
192,20200706,2
192,20200713,2
192,20200720,2
192,20200727,2
192,20200803,2
192,20200810,2
192,20200817,2
192,20200824,2
203,20200526,1
203,20200528,1
203,20200602,1
203,20200604,1
203,20200609,1
203,20200611,1
203,20200616,1
203,20200618,1
203,20200623,1
203,20200625,1
203,20200630,1
203,20200702,1
203,20200707,1
203,20200709,1
203,20200714,1
203,20200716,1
203,20200721,1
203,20200723,1
203,20200728,1
203,20200730,1
203,20200804,1
203,20200806,1
203,20200811,1
203,20200813,1
203,20200818,1
203,20200820,1
204,20200526,1
204,20200528,1
204,20200602,1
204,20200604,1
204,20200609,1
204,20200611,1
204,20200616,1
204,20200618,1
204,20200623,1
204,20200625,1
204,20200630,1
204,20200702,1
204,20200707,1
204,20200709,1
204,20200714,1
204,20200716,1
204,20200721,1
204,20200723,1
204,20200728,1
204,20200730,1
204,20200804,1
204,20200806,1
204,20200811,1
204,20200813,1
204,20200818,1
204,20200820,1
205,20200531,1
205,20200607,1
205,20200614,1
205,20200621,1
205,20200628,1
205,20200705,1
205,20200712,1
205,20200719,1
205,20200726,1
205,20200802,1
205,20200809,1
205,20200816,1
205,20200823,1
206,20200527,1
206,20200529,1
206,20200601,1
206,20200603,1
206,20200605,1
206,20200608,1
206,20200610,1
206,20200612,1
206,20200615,1
206,20200617,1
206,20200619,1
206,20200622,1
206,20200624,1
206,20200626,1
206,20200629,1
206,20200701,1
206,20200703,1
206,20200706,1
206,20200708,1
206,20200710,1
206,20200713,1
206,20200715,1
206,20200717,1
206,20200720,1
206,20200722,1
206,20200724,1
206,20200727,1
206,20200729,1
206,20200731,1
206,20200803,1
206,20200805,1
206,20200807,1
206,20200810,1
206,20200812,1
206,20200814,1
206,20200817,1
206,20200819,1
206,20200821,1
206,20200824,1
207,20200526,1
207,20200527,1
207,20200528,1
207,20200529,1
207,20200531,1
207,20200601,1
207,20200602,1
207,20200603,1
207,20200604,1
207,20200605,1
207,20200607,1
207,20200608,1
207,20200609,1
207,20200610,1
207,20200611,1
207,20200612,1
207,20200614,1
207,20200615,1
207,20200616,1
207,20200617,1
207,20200618,1
207,20200619,1
207,20200621,1
207,20200622,1
207,20200623,1
207,20200624,1
207,20200625,1
207,20200626,1
207,20200628,1
207,20200629,1
207,20200630,1
207,20200701,1
207,20200702,1
207,20200703,1
207,20200705,1
207,20200706,1
207,20200707,1
207,20200708,1
207,20200709,1
207,20200710,1
207,20200712,1
207,20200713,1
207,20200714,1
207,20200715,1
207,20200716,1
207,20200717,1
207,20200719,1
207,20200720,1
207,20200721,1
207,20200722,1
207,20200723,1
207,20200724,1
207,20200726,1
207,20200727,1
207,20200728,1
207,20200729,1
207,20200730,1
207,20200731,1
207,20200802,1
207,20200803,1
207,20200804,1
207,20200805,1
207,20200806,1
207,20200807,1
207,20200809,1
207,20200810,1
207,20200811,1
207,20200812,1
207,20200813,1
207,20200814,1
207,20200816,1
207,20200817,1
207,20200818,1
207,20200819,1
207,20200820,1
207,20200821,1
207,20200823,1
207,20200824,1
208,20200530,1
208,20200606,1
208,20200613,1
208,20200620,1
208,20200627,1
208,20200704,1
208,20200711,1
208,20200718,1
208,20200725,1
208,20200801,1
208,20200808,1
208,20200815,1
208,20200822,1
209,20200529,1
209,20200605,1
209,20200612,1
209,20200619,1
209,20200626,1
209,20200703,1
209,20200710,1
209,20200717,1
209,20200724,1
209,20200731,1
209,20200807,1
209,20200814,1
209,20200821,1
210,20200526,1
210,20200527,1
210,20200528,1
210,20200529,1
210,20200601,1
210,20200602,1
210,20200603,1
210,20200604,1
210,20200605,1
210,20200608,1
210,20200609,1
210,20200610,1
210,20200611,1
210,20200612,1
210,20200615,1
210,20200616,1
210,20200617,1
210,20200618,1
210,20200619,1
210,20200622,1
210,20200623,1
210,20200624,1
210,20200625,1
210,20200626,1
210,20200629,1
210,20200630,1
210,20200701,1
210,20200702,1
210,20200703,1
210,20200706,1
210,20200707,1
210,20200708,1
210,20200709,1
210,20200710,1
210,20200713,1
210,20200714,1
210,20200715,1
210,20200716,1
210,20200717,1
210,20200720,1
210,20200721,1
210,20200722,1
210,20200723,1
210,20200724,1
210,20200727,1
210,20200728,1
210,20200729,1
210,20200730,1
210,20200731,1
210,20200803,1
210,20200804,1
210,20200805,1
210,20200806,1
210,20200807,1
210,20200810,1
210,20200811,1
210,20200812,1
210,20200813,1
210,20200814,1
210,20200817,1
210,20200818,1
210,20200819,1
210,20200820,1
210,20200821,1
210,20200824,1
211,20200531,1
211,20200607,1
211,20200614,1
211,20200621,1
211,20200628,1
211,20200705,1
211,20200712,1
211,20200719,1
211,20200726,1
211,20200802,1
211,20200809,1
211,20200816,1
211,20200823,1
212,20200527,1
212,20200601,1
212,20200603,1
212,20200608,1
212,20200610,1
212,20200615,1
212,20200617,1
212,20200622,1
212,20200624,1
212,20200629,1
212,20200803,1
212,20200805,1
212,20200810,1
212,20200812,1
212,20200817,1
212,20200819,1
212,20200824,1
213,20200526,1
213,20200528,1
213,20200601,1
213,20200602,1
213,20200604,1
213,20200608,1
213,20200609,1
213,20200611,1
213,20200615,1
213,20200616,1
213,20200618,1
213,20200622,1
213,20200623,1
213,20200625,1
213,20200629,1
213,20200630,1
213,20200702,1
213,20200706,1
213,20200707,1
213,20200709,1
213,20200713,1
213,20200714,1
213,20200716,1
213,20200720,1
213,20200721,1
213,20200723,1
213,20200727,1
213,20200728,1
213,20200730,1
213,20200803,1
213,20200804,1
213,20200806,1
213,20200810,1
213,20200811,1
213,20200813,1
213,20200817,1
213,20200818,1
213,20200820,1
213,20200824,1
215,20200531,1
215,20200607,1
215,20200614,1
215,20200621,1
215,20200628,1
215,20200705,1
215,20200712,1
215,20200719,1
215,20200726,1
215,20200802,1
215,20200809,1
215,20200816,1
215,20200823,1
216,20200530,1
216,20200606,1
216,20200613,1
216,20200620,1
216,20200627,1
216,20200704,1
216,20200711,1
216,20200718,1
216,20200725,1
216,20200801,1
216,20200808,1
216,20200815,1
216,20200822,1
217,20200527,1
217,20200529,1
217,20200603,1
217,20200605,1
217,20200610,1
217,20200612,1
217,20200617,1
217,20200619,1
217,20200624,1
217,20200626,1
217,20200701,1
217,20200703,1
217,20200708,1
217,20200710,1
217,20200715,1
217,20200717,1
217,20200722,1
217,20200724,1
217,20200729,1
217,20200731,1
217,20200805,1
217,20200807,1
217,20200812,1
217,20200814,1
217,20200819,1
217,20200821,1
218,20200528,1
218,20200601,1
218,20200604,1
218,20200608,1
218,20200611,1
218,20200615,1
218,20200618,1
218,20200622,1
218,20200625,1
218,20200629,1
218,20200702,1
218,20200706,1
218,20200709,1
218,20200713,1
218,20200716,1
218,20200720,1
218,20200723,1
218,20200727,1
218,20200730,1
218,20200803,1
218,20200806,1
218,20200810,1
218,20200813,1
218,20200817,1
218,20200820,1
218,20200824,1
219,20200526,1
219,20200528,1
219,20200530,1
219,20200531,1
219,20200601,1
219,20200602,1
219,20200604,1
219,20200606,1
219,20200607,1
219,20200608,1
219,20200609,1
219,20200611,1
219,20200613,1
219,20200614,1
219,20200615,1
219,20200616,1
219,20200618,1
219,20200620,1
219,20200621,1
219,20200622,1
219,20200623,1
219,20200625,1
219,20200627,1
219,20200628,1
219,20200629,1
219,20200630,1
219,20200702,1
219,20200704,1
219,20200705,1
219,20200706,1
219,20200707,1
219,20200709,1
219,20200711,1
219,20200712,1
219,20200713,1
219,20200714,1
219,20200716,1
219,20200718,1
219,20200719,1
219,20200720,1
219,20200721,1
219,20200723,1
219,20200725,1
219,20200726,1
219,20200727,1
219,20200728,1
219,20200730,1
219,20200801,1
219,20200802,1
219,20200803,1
219,20200804,1
219,20200806,1
219,20200808,1
219,20200809,1
219,20200810,1
219,20200811,1
219,20200813,1
219,20200815,1
219,20200816,1
219,20200817,1
219,20200818,1
219,20200820,1
219,20200822,1
219,20200823,1
219,20200824,1
220,20200526,1
220,20200527,1
220,20200529,1
220,20200530,1
220,20200531,1
220,20200602,1
220,20200603,1
220,20200605,1
220,20200606,1
220,20200607,1
220,20200609,1
220,20200610,1
220,20200612,1
220,20200613,1
220,20200614,1
220,20200616,1
220,20200617,1
220,20200619,1
220,20200620,1
220,20200621,1
220,20200623,1
220,20200624,1
220,20200626,1
220,20200627,1
220,20200628,1
220,20200630,1
220,20200701,1
220,20200703,1
220,20200704,1
220,20200705,1
220,20200707,1
220,20200708,1
220,20200710,1
220,20200711,1
220,20200712,1
220,20200714,1
220,20200715,1
220,20200717,1
220,20200718,1
220,20200719,1
220,20200721,1
220,20200722,1
220,20200724,1
220,20200725,1
220,20200726,1
220,20200728,1
220,20200729,1
220,20200731,1
220,20200801,1
220,20200802,1
220,20200804,1
220,20200805,1
220,20200807,1
220,20200808,1
220,20200809,1
220,20200811,1
220,20200812,1
220,20200814,1
220,20200815,1
220,20200816,1
220,20200818,1
220,20200819,1
220,20200821,1
220,20200822,1
220,20200823,1
221,20200530,1
221,20200606,1
221,20200613,1
221,20200620,1
221,20200627,1
221,20200704,1
221,20200711,1
221,20200718,1
221,20200725,1
221,20200801,1
221,20200808,1
221,20200815,1
221,20200822,1
223,20200528,1
223,20200601,1
223,20200604,1
223,20200608,1
223,20200611,1
223,20200615,1
223,20200618,1
223,20200622,1
223,20200625,1
223,20200629,1
223,20200702,1
223,20200706,1
223,20200709,1
223,20200713,1
223,20200716,1
223,20200720,1
223,20200723,1
223,20200727,1
223,20200730,1
223,20200803,1
223,20200806,1
223,20200810,1
223,20200813,1
223,20200817,1
223,20200820,1
223,20200824,1
224,20200529,1
224,20200601,1
224,20200605,1
224,20200608,1
224,20200612,1
224,20200615,1
224,20200619,1
224,20200622,1
224,20200626,1
224,20200629,1
224,20200703,1
224,20200706,1
224,20200710,1
224,20200713,1
224,20200717,1
224,20200720,1
224,20200724,1
224,20200727,1
224,20200731,1
224,20200803,1
224,20200807,1
224,20200810,1
224,20200814,1
224,20200817,1
224,20200821,1
224,20200824,1
225,20200527,1
225,20200603,1
225,20200610,1
225,20200617,1
225,20200624,1
225,20200701,1
225,20200708,1
225,20200715,1
225,20200722,1
225,20200729,1
225,20200805,1
225,20200812,1
225,20200819,1
226,20200529,1
226,20200605,1
226,20200612,1
226,20200619,1
226,20200626,1
226,20200703,1
226,20200710,1
226,20200717,1
226,20200724,1
226,20200731,1
226,20200807,1
226,20200814,1
226,20200821,1
227,20200531,1
227,20200607,1
227,20200614,1
227,20200621,1
227,20200628,1
227,20200705,1
227,20200712,1
227,20200719,1
227,20200726,1
227,20200802,1
227,20200809,1
227,20200816,1
227,20200823,1
228,20200531,1
228,20200607,1
228,20200614,1
228,20200621,1
228,20200628,1
228,20200705,1
228,20200712,1
228,20200719,1
228,20200726,1
228,20200802,1
228,20200809,1
228,20200816,1
228,20200823,1
229,20200526,1
229,20200602,1
229,20200609,1
229,20200616,1
229,20200623,1
229,20200630,1
229,20200707,1
229,20200714,1
229,20200721,1
229,20200728,1
229,20200804,1
229,20200811,1
229,20200818,1
230,20200530,1
230,20200606,1
230,20200613,1
230,20200620,1
230,20200627,1
230,20200704,1
230,20200711,1
230,20200718,1
230,20200725,1
230,20200801,1
230,20200808,1
230,20200815,1
230,20200822,1
231,20200527,1
231,20200603,1
231,20200610,1
231,20200617,1
231,20200624,1
231,20200701,1
231,20200708,1
231,20200715,1
231,20200722,1
231,20200729,1
231,20200805,1
231,20200812,1
231,20200819,1
232,20200529,1
232,20200605,1
232,20200612,1
232,20200619,1
232,20200626,1
232,20200703,1
232,20200710,1
232,20200717,1
232,20200724,1
232,20200731,1
232,20200807,1
232,20200814,1
232,20200821,1
233,20200527,1
233,20200603,1
233,20200610,1
233,20200617,1
233,20200624,1
233,20200701,1
233,20200708,1
233,20200715,1
233,20200722,1
233,20200729,1
233,20200805,1
233,20200812,1
233,20200819,1
234,20200528,1
234,20200604,1
234,20200611,1
234,20200618,1
234,20200625,1
234,20200702,1
234,20200709,1
234,20200716,1
234,20200723,1
234,20200730,1
234,20200806,1
234,20200813,1
234,20200820,1
237,20200529,1
237,20200605,1
237,20200612,1
237,20200619,1
237,20200626,1
237,20200703,1
237,20200710,1
237,20200717,1
237,20200724,1
237,20200731,1
237,20200807,1
237,20200814,1
237,20200821,1
238,20200527,1
238,20200601,1
238,20200603,1
238,20200608,1
238,20200610,1
238,20200615,1
238,20200617,1
238,20200622,1
238,20200624,1
238,20200629,1
238,20200701,1
238,20200706,1
238,20200708,1
238,20200713,1
238,20200715,1
238,20200720,1
238,20200722,1
238,20200727,1
238,20200729,1
238,20200803,1
238,20200805,1
238,20200810,1
238,20200812,1
238,20200817,1
238,20200819,1
238,20200824,1
239,20200527,1
239,20200529,1
239,20200603,1
239,20200605,1
239,20200610,1
239,20200612,1
239,20200617,1
239,20200619,1
239,20200624,1
239,20200626,1
239,20200701,1
239,20200703,1
239,20200708,1
239,20200710,1
239,20200715,1
239,20200717,1
239,20200722,1
239,20200724,1
239,20200729,1
239,20200731,1
239,20200805,1
239,20200807,1
239,20200812,1
239,20200814,1
239,20200819,1
239,20200821,1
240,20200601,1
240,20200608,1
240,20200615,1
240,20200622,1
240,20200629,1
240,20200706,1
240,20200713,1
240,20200720,1
240,20200727,1
240,20200803,1
240,20200810,1
240,20200817,1
240,20200824,1
241,20200526,1
241,20200529,1
241,20200602,1
241,20200605,1
241,20200609,1
241,20200612,1
241,20200616,1
241,20200619,1
241,20200623,1
241,20200626,1
241,20200630,1
241,20200703,1
241,20200707,1
241,20200710,1
241,20200714,1
241,20200717,1
241,20200721,1
241,20200724,1
241,20200728,1
241,20200731,1
241,20200804,1
241,20200807,1
241,20200811,1
241,20200814,1
241,20200818,1
241,20200821,1
242,20200528,1
242,20200601,1
242,20200604,1
242,20200608,1
242,20200611,1
242,20200615,1
242,20200618,1
242,20200622,1
242,20200625,1
242,20200629,1
242,20200702,1
242,20200706,1
242,20200709,1
242,20200713,1
242,20200716,1
242,20200720,1
242,20200723,1
242,20200727,1
242,20200730,1
242,20200803,1
242,20200806,1
242,20200810,1
242,20200813,1
242,20200817,1
242,20200820,1
242,20200824,1
243,20200526,1
243,20200528,1
243,20200530,1
243,20200602,1
243,20200604,1
243,20200606,1
243,20200609,1
243,20200611,1
243,20200613,1
243,20200616,1
243,20200618,1
243,20200620,1
243,20200623,1
243,20200625,1
243,20200627,1
243,20200630,1
243,20200702,1
243,20200704,1
243,20200707,1
243,20200709,1
243,20200711,1
243,20200714,1
243,20200716,1
243,20200718,1
243,20200721,1
243,20200723,1
243,20200725,1
243,20200728,1
243,20200730,1
243,20200801,1
243,20200804,1
243,20200806,1
243,20200808,1
243,20200811,1
243,20200813,1
243,20200815,1
243,20200818,1
243,20200820,1
243,20200822,1
244,20200526,1
244,20200528,1
244,20200530,1
244,20200602,1
244,20200604,1
244,20200606,1
244,20200609,1
244,20200611,1
244,20200613,1
244,20200616,1
244,20200618,1
244,20200620,1
244,20200623,1
244,20200625,1
244,20200627,1
244,20200630,1
244,20200702,1
244,20200704,1
244,20200707,1
244,20200709,1
244,20200711,1
244,20200714,1
244,20200716,1
244,20200718,1
244,20200721,1
244,20200723,1
244,20200725,1
244,20200728,1
244,20200730,1
244,20200801,1
244,20200804,1
244,20200806,1
244,20200808,1
244,20200811,1
244,20200813,1
244,20200815,1
244,20200818,1
244,20200820,1
244,20200822,1
245,20200527,1
245,20200529,1
245,20200601,1
245,20200603,1
245,20200605,1
245,20200608,1
245,20200610,1
245,20200612,1
245,20200615,1
245,20200617,1
245,20200619,1
245,20200622,1
245,20200624,1
245,20200626,1
245,20200629,1
245,20200701,1
245,20200703,1
245,20200706,1
245,20200708,1
245,20200710,1
245,20200713,1
245,20200715,1
245,20200717,1
245,20200720,1
245,20200722,1
245,20200724,1
245,20200727,1
245,20200729,1
245,20200731,1
245,20200803,1
245,20200805,1
245,20200807,1
245,20200810,1
245,20200812,1
245,20200814,1
245,20200817,1
245,20200819,1
245,20200821,1
245,20200824,1
246,20200531,1
246,20200607,1
246,20200614,1
246,20200621,1
246,20200628,1
246,20200705,1
246,20200712,1
246,20200719,1
246,20200726,1
246,20200802,1
246,20200809,1
246,20200816,1
246,20200823,1
247,20200531,1
247,20200607,1
247,20200614,1
247,20200621,1
247,20200628,1
247,20200705,1
247,20200712,1
247,20200719,1
247,20200726,1
247,20200802,1
247,20200809,1
247,20200816,1
247,20200823,1
248,20200528,1
248,20200601,1
248,20200604,1
248,20200608,1
248,20200611,1
248,20200615,1
248,20200618,1
248,20200622,1
248,20200625,1
248,20200629,1
248,20200702,1
248,20200706,1
248,20200709,1
248,20200713,1
248,20200716,1
248,20200720,1
248,20200723,1
248,20200727,1
248,20200730,1
248,20200803,1
248,20200806,1
248,20200810,1
248,20200813,1
248,20200817,1
248,20200820,1
248,20200824,1
249,20200526,1
249,20200529,1
249,20200602,1
249,20200605,1
249,20200609,1
249,20200612,1
249,20200616,1
249,20200619,1
249,20200623,1
249,20200626,1
249,20200630,1
249,20200703,1
249,20200707,1
249,20200710,1
249,20200714,1
249,20200717,1
249,20200721,1
249,20200724,1
249,20200728,1
249,20200731,1
249,20200804,1
249,20200807,1
249,20200811,1
249,20200814,1
249,20200818,1
249,20200821,1
250,20200526,1
250,20200527,1
250,20200528,1
250,20200529,1
250,20200601,1
250,20200602,1
250,20200603,1
250,20200604,1
250,20200605,1
250,20200608,1
250,20200609,1
250,20200610,1
250,20200611,1
250,20200612,1
250,20200615,1
250,20200616,1
250,20200617,1
250,20200618,1
250,20200619,1
250,20200622,1
250,20200623,1
250,20200624,1
250,20200625,1
250,20200626,1
250,20200629,1
250,20200630,1
250,20200701,1
250,20200702,1
250,20200703,1
250,20200706,1
250,20200707,1
250,20200708,1
250,20200709,1
250,20200710,1
250,20200713,1
250,20200714,1
250,20200715,1
250,20200716,1
250,20200717,1
250,20200720,1
250,20200721,1
250,20200722,1
250,20200723,1
250,20200724,1
250,20200727,1
250,20200728,1
250,20200729,1
250,20200730,1
250,20200731,1
250,20200803,1
250,20200804,1
250,20200805,1
250,20200806,1
250,20200807,1
250,20200810,1
250,20200811,1
250,20200812,1
250,20200813,1
250,20200814,1
250,20200817,1
250,20200818,1
250,20200819,1
250,20200820,1
250,20200821,1
250,20200824,1
252,20200530,1
252,20200606,1
252,20200613,1
252,20200620,1
252,20200627,1
252,20200704,1
252,20200711,1
252,20200718,1
252,20200725,1
252,20200801,1
252,20200808,1
252,20200815,1
252,20200822,1
254,20200531,1
254,20200607,1
254,20200614,1
254,20200621,1
254,20200628,1
254,20200705,1
254,20200712,1
254,20200719,1
254,20200726,1
254,20200802,1
254,20200809,1
254,20200816,1
254,20200823,1
255,20200531,1
255,20200607,1
255,20200614,1
255,20200621,1
255,20200628,1
255,20200705,1
255,20200712,1
255,20200719,1
255,20200726,1
255,20200802,1
255,20200809,1
255,20200816,1
255,20200823,1
256,20200529,1
256,20200605,1
256,20200612,1
256,20200619,1
256,20200626,1
256,20200703,1
256,20200710,1
256,20200717,1
256,20200724,1
256,20200731,1
256,20200807,1
256,20200814,1
256,20200821,1
257,20200529,1
257,20200605,1
257,20200612,1
257,20200619,1
257,20200626,1
257,20200703,1
257,20200710,1
257,20200717,1
257,20200724,1
257,20200731,1
257,20200807,1
257,20200814,1
257,20200821,1
262,20200527,1
262,20200529,1
262,20200603,1
262,20200605,1
262,20200610,1
262,20200612,1
262,20200617,1
262,20200619,1
262,20200624,1
262,20200626,1
262,20200701,1
262,20200703,1
262,20200708,1
262,20200710,1
262,20200715,1
262,20200717,1
262,20200722,1
262,20200724,1
262,20200729,1
262,20200731,1
262,20200805,1
262,20200807,1
262,20200812,1
262,20200814,1
262,20200819,1
262,20200821,1
263,20200527,1
263,20200529,1
263,20200601,1
263,20200603,1
263,20200605,1
263,20200608,1
263,20200610,1
263,20200612,1
263,20200615,1
263,20200617,1
263,20200619,1
263,20200622,1
263,20200624,1
263,20200626,1
263,20200629,1
263,20200701,1
263,20200703,1
263,20200706,1
263,20200708,1
263,20200710,1
263,20200713,1
263,20200715,1
263,20200717,1
263,20200720,1
263,20200722,1
263,20200724,1
263,20200727,1
263,20200729,1
263,20200731,1
263,20200803,1
263,20200805,1
263,20200807,1
263,20200810,1
263,20200812,1
263,20200814,1
263,20200817,1
263,20200819,1
263,20200821,1
263,20200824,1
264,20200526,1
264,20200602,1
264,20200609,1
264,20200616,1
264,20200623,1
264,20200630,1
264,20200707,1
264,20200714,1
264,20200721,1
264,20200728,1
264,20200804,1
264,20200811,1
264,20200818,1
265,20200528,1
265,20200604,1
265,20200611,1
265,20200618,1
265,20200625,1
265,20200702,1
265,20200709,1
265,20200716,1
265,20200723,1
265,20200730,1
265,20200806,1
265,20200813,1
265,20200820,1
266,20200528,1
266,20200531,1
266,20200604,1
266,20200607,1
266,20200611,1
266,20200614,1
266,20200618,1
266,20200621,1
266,20200625,1
266,20200628,1
266,20200702,1
266,20200705,1
266,20200709,1
266,20200712,1
266,20200716,1
266,20200719,1
266,20200723,1
266,20200726,1
266,20200730,1
266,20200802,1
266,20200806,1
266,20200809,1
266,20200813,1
266,20200816,1
266,20200820,1
266,20200823,1
267,20200526,1
267,20200602,1
267,20200609,1
267,20200616,1
267,20200623,1
267,20200630,1
267,20200707,1
267,20200714,1
267,20200721,1
267,20200728,1
267,20200804,1
267,20200811,1
267,20200818,1
268,20200601,1
268,20200608,1
268,20200615,1
268,20200622,1
268,20200629,1
268,20200706,1
268,20200713,1
268,20200720,1
268,20200727,1
268,20200803,1
268,20200810,1
268,20200817,1
268,20200824,1
269,20200530,1
269,20200606,1
269,20200613,1
269,20200620,1
269,20200627,1
269,20200704,1
269,20200711,1
269,20200718,1
269,20200725,1
269,20200801,1
269,20200808,1
269,20200815,1
269,20200822,1
271,20200526,1
271,20200528,1
271,20200530,1
271,20200602,1
271,20200604,1
271,20200606,1
271,20200609,1
271,20200611,1
271,20200613,1
271,20200616,1
271,20200618,1
271,20200620,1
271,20200623,1
271,20200625,1
271,20200627,1
271,20200630,1
271,20200702,1
271,20200704,1
271,20200707,1
271,20200709,1
271,20200711,1
271,20200714,1
271,20200716,1
271,20200718,1
271,20200721,1
271,20200723,1
271,20200725,1
271,20200728,1
271,20200730,1
271,20200801,1
271,20200804,1
271,20200806,1
271,20200808,1
271,20200811,1
271,20200813,1
271,20200815,1
271,20200818,1
271,20200820,1
271,20200822,1
272,20200526,1
272,20200527,1
272,20200528,1
272,20200529,1
272,20200530,1
272,20200601,1
272,20200602,1
272,20200603,1
272,20200604,1
272,20200605,1
272,20200606,1
272,20200608,1
272,20200609,1
272,20200610,1
272,20200611,1
272,20200612,1
272,20200613,1
272,20200615,1
272,20200616,1
272,20200617,1
272,20200618,1
272,20200619,1
272,20200620,1
272,20200622,1
272,20200623,1
272,20200624,1
272,20200625,1
272,20200626,1
272,20200627,1
272,20200629,1
272,20200630,1
272,20200701,1
272,20200702,1
272,20200703,1
272,20200704,1
272,20200706,1
272,20200707,1
272,20200708,1
272,20200709,1
272,20200710,1
272,20200711,1
272,20200713,1
272,20200714,1
272,20200715,1
272,20200716,1
272,20200717,1
272,20200718,1
272,20200720,1
272,20200721,1
272,20200722,1
272,20200723,1
272,20200724,1
272,20200725,1
272,20200727,1
272,20200728,1
272,20200729,1
272,20200730,1
272,20200731,1
272,20200801,1
272,20200803,1
272,20200804,1
272,20200805,1
272,20200806,1
272,20200807,1
272,20200808,1
272,20200810,1
272,20200811,1
272,20200812,1
272,20200813,1
272,20200814,1
272,20200815,1
272,20200817,1
272,20200818,1
272,20200819,1
272,20200820,1
272,20200821,1
272,20200822,1
272,20200824,1
285,20200529,1
285,20200605,1
285,20200612,1
285,20200619,1
285,20200626,1
285,20200703,1
285,20200710,1
285,20200717,1
285,20200724,1
285,20200731,1
285,20200807,1
285,20200814,1
285,20200821,1
286,20200529,1
286,20200605,1
286,20200612,1
286,20200619,1
286,20200626,1
286,20200703,1
286,20200710,1
286,20200717,1
286,20200724,1
286,20200731,1
286,20200807,1
286,20200814,1
286,20200821,1
287,20200531,1
287,20200607,1
287,20200614,1
287,20200621,1
287,20200628,1
287,20200705,1
287,20200712,1
287,20200719,1
287,20200726,1
287,20200802,1
287,20200809,1
287,20200816,1
287,20200823,1
288,20200531,1
288,20200607,1
288,20200614,1
288,20200621,1
288,20200628,1
288,20200705,1
288,20200712,1
288,20200719,1
288,20200726,1
288,20200802,1
288,20200809,1
288,20200816,1
288,20200823,1
336,20200526,1
336,20200527,1
336,20200528,1
336,20200529,1
336,20200602,1
336,20200603,1
336,20200604,1
336,20200605,1
336,20200608,1
336,20200609,1
336,20200610,1
336,20200611,1
336,20200612,1
336,20200615,1
336,20200616,1
336,20200617,1
336,20200618,1
336,20200619,1
336,20200622,1
336,20200623,1
336,20200624,1
336,20200625,1
336,20200626,1
336,20200629,1
336,20200630,1
336,20200701,1
336,20200702,1
336,20200703,1
336,20200706,1
336,20200707,1
336,20200708,1
336,20200709,1
336,20200710,1
336,20200713,1
336,20200714,1
336,20200715,1
336,20200716,1
336,20200717,1
336,20200720,1
336,20200721,1
336,20200722,1
336,20200723,1
336,20200724,1
336,20200727,1
336,20200728,1
336,20200729,1
336,20200730,1
336,20200731,1
336,20200803,1
336,20200804,1
336,20200805,1
336,20200806,1
336,20200807,1
336,20200810,1
336,20200811,1
336,20200812,1
336,20200813,1
336,20200814,1
336,20200817,1
336,20200818,1
336,20200819,1
336,20200820,1
336,20200821,1
336,20200824,1
337,20200526,1
337,20200527,1
337,20200528,1
337,20200529,1
337,20200602,1
337,20200603,1
337,20200604,1
337,20200605,1
337,20200608,1
337,20200609,1
337,20200610,1
337,20200611,1
337,20200612,1
337,20200615,1
337,20200616,1
337,20200617,1
337,20200618,1
337,20200619,1
337,20200622,1
337,20200623,1
337,20200624,1
337,20200625,1
337,20200626,1
337,20200629,1
337,20200630,1
337,20200701,1
337,20200702,1
337,20200703,1
337,20200706,1
337,20200707,1
337,20200708,1
337,20200709,1
337,20200710,1
337,20200713,1
337,20200714,1
337,20200715,1
337,20200716,1
337,20200717,1
337,20200720,1
337,20200721,1
337,20200722,1
337,20200723,1
337,20200724,1
337,20200727,1
337,20200728,1
337,20200729,1
337,20200730,1
337,20200731,1
337,20200803,1
337,20200804,1
337,20200805,1
337,20200806,1
337,20200807,1
337,20200810,1
337,20200811,1
337,20200812,1
337,20200813,1
337,20200814,1
337,20200817,1
337,20200818,1
337,20200819,1
337,20200820,1
337,20200821,1
337,20200824,1
338,20200803,1
338,20200805,1
338,20200807,1
338,20200810,1
338,20200812,1
338,20200814,1
338,20200817,1
338,20200819,1
338,20200821,1
338,20200824,1
339,20200803,1
339,20200810,1
339,20200817,1
339,20200824,1
340,20200805,1
340,20200812,1
340,20200819,1
341,20200807,1
341,20200814,1
341,20200821,1
342,20200526,1
342,20200528,1
342,20200530,1
342,20200602,1
342,20200604,1
342,20200606,1
342,20200609,1
342,20200611,1
342,20200613,1
342,20200616,1
342,20200618,1
342,20200620,1
342,20200623,1
342,20200625,1
342,20200627,1
342,20200630,1
342,20200702,1
342,20200704,1
342,20200707,1
342,20200709,1
342,20200711,1
342,20200714,1
342,20200716,1
342,20200718,1
342,20200721,1
342,20200723,1
342,20200725,1
342,20200728,1
342,20200730,1
342,20200801,1
342,20200804,1
342,20200806,1
342,20200808,1
342,20200811,1
342,20200813,1
342,20200815,1
342,20200818,1
342,20200820,1
342,20200822,1
343,20200526,1
343,20200528,1
343,20200530,1
343,20200602,1
343,20200604,1
343,20200606,1
343,20200609,1
343,20200611,1
343,20200613,1
343,20200616,1
343,20200618,1
343,20200620,1
343,20200623,1
343,20200625,1
343,20200627,1
343,20200630,1
343,20200702,1
343,20200704,1
343,20200707,1
343,20200709,1
343,20200711,1
343,20200714,1
343,20200716,1
343,20200718,1
343,20200721,1
343,20200723,1
343,20200725,1
343,20200728,1
343,20200730,1
343,20200801,1
343,20200804,1
343,20200806,1
343,20200808,1
343,20200811,1
343,20200813,1
343,20200815,1
343,20200818,1
343,20200820,1
343,20200822,1
344,20200601,1
344,20200608,1
344,20200615,1
344,20200622,1
344,20200629,1
344,20200706,1
344,20200713,1
344,20200720,1
344,20200727,1
344,20200803,1
344,20200810,1
344,20200817,1
344,20200824,1
345,20200601,1
345,20200608,1
345,20200615,1
345,20200622,1
345,20200629,1
345,20200706,1
345,20200713,1
345,20200720,1
345,20200727,1
345,20200803,1
345,20200810,1
345,20200817,1
345,20200824,1
346,20200529,1
346,20200605,1
346,20200612,1
346,20200619,1
346,20200626,1
346,20200703,1
346,20200710,1
346,20200717,1
346,20200724,1
346,20200731,1
346,20200807,1
346,20200814,1
346,20200821,1
347,20200529,1
347,20200605,1
347,20200612,1
347,20200619,1
347,20200626,1
347,20200703,1
347,20200710,1
347,20200717,1
347,20200724,1
347,20200731,1
347,20200807,1
347,20200814,1
347,20200821,1
348,20200531,1
348,20200607,1
348,20200614,1
348,20200621,1
348,20200628,1
348,20200705,1
348,20200712,1
348,20200719,1
348,20200726,1
348,20200802,1
348,20200809,1
348,20200816,1
348,20200823,1
349,20200531,1
349,20200607,1
349,20200614,1
349,20200621,1
349,20200628,1
349,20200705,1
349,20200712,1
349,20200719,1
349,20200726,1
349,20200802,1
349,20200809,1
349,20200816,1
349,20200823,1
350,20200527,1
350,20200529,1
350,20200603,1
350,20200605,1
350,20200608,1
350,20200610,1
350,20200612,1
350,20200615,1
350,20200617,1
350,20200619,1
350,20200622,1
350,20200624,1
350,20200626,1
350,20200629,1
350,20200701,1
350,20200703,1
350,20200706,1
350,20200708,1
350,20200710,1
350,20200713,1
350,20200715,1
350,20200717,1
350,20200720,1
350,20200722,1
350,20200724,1
350,20200727,1
350,20200729,1
350,20200731,1
350,20200803,1
350,20200805,1
350,20200807,1
350,20200810,1
350,20200812,1
350,20200814,1
350,20200817,1
350,20200819,1
350,20200821,1
350,20200824,1
351,20200527,1
351,20200529,1
351,20200603,1
351,20200605,1
351,20200608,1
351,20200610,1
351,20200612,1
351,20200615,1
351,20200617,1
351,20200619,1
351,20200622,1
351,20200624,1
351,20200626,1
351,20200629,1
351,20200701,1
351,20200703,1
351,20200706,1
351,20200708,1
351,20200710,1
351,20200713,1
351,20200715,1
351,20200717,1
351,20200720,1
351,20200722,1
351,20200724,1
351,20200727,1
351,20200729,1
351,20200731,1
351,20200803,1
351,20200805,1
351,20200807,1
351,20200810,1
351,20200812,1
351,20200814,1
351,20200817,1
351,20200819,1
351,20200821,1
351,20200824,1
352,20200601,2
352,20200706,2
352,20200707,2
352,20200708,2
352,20200709,2
352,20200710,2
352,20200713,2
352,20200714,2
352,20200715,2
352,20200716,2
352,20200717,2
352,20200803,2
353,20200601,2
353,20200803,2
357,20200601,2
358,20200601,2
359,20200601,2
360,20200601,2
361,20200601,2
362,20200601,2
370,20200613,2
375,20200601,1
376,20200601,1
377,20200601,1
377,20200614,2
378,20200601,1
379,20200601,1
380,20200601,1
394,20200526,1
394,20200527,1
394,20200528,1
394,20200529,1
394,20200530,1
394,20200531,1
394,20200601,1
394,20200602,1
394,20200603,1
394,20200604,1
394,20200605,1
394,20200606,1
394,20200607,1
394,20200608,1
394,20200609,1
394,20200610,1
394,20200611,1
394,20200612,1
394,20200613,1
394,20200614,1
394,20200615,1
394,20200616,1
394,20200617,1
394,20200618,1
394,20200619,1
394,20200620,1
394,20200621,1
394,20200622,1
394,20200623,1
394,20200624,1
394,20200625,1
394,20200626,1
394,20200627,1
394,20200628,1
394,20200629,1
394,20200630,1
394,20200701,1
394,20200702,1
394,20200703,1
394,20200704,1
394,20200705,1
394,20200706,1
394,20200707,1
394,20200708,1
394,20200709,1
394,20200710,1
394,20200711,1
394,20200712,1
394,20200713,1
394,20200714,1
394,20200715,1
394,20200716,1
394,20200717,1
394,20200718,1
394,20200719,1
394,20200720,1
394,20200721,1
394,20200722,1
394,20200723,1
394,20200724,1
394,20200725,1
394,20200726,1
394,20200727,1
394,20200728,1
394,20200729,1
394,20200730,1
394,20200731,1
394,20200801,1
394,20200802,1
394,20200803,1
394,20200804,1
394,20200805,1
394,20200806,1
394,20200807,1
394,20200808,1
394,20200809,1
394,20200810,1
394,20200811,1
394,20200812,1
394,20200813,1
394,20200814,1
394,20200815,1
394,20200816,1
394,20200817,1
394,20200818,1
394,20200819,1
394,20200820,1
394,20200821,1
394,20200822,1
394,20200823,1
394,20200824,1
395,20200526,1
395,20200527,1
395,20200528,1
395,20200529,1
395,20200530,1
395,20200601,1
395,20200602,1
395,20200603,1
395,20200604,1
395,20200605,1
395,20200606,1
395,20200607,1
395,20200608,1
395,20200609,1
395,20200610,1
395,20200611,1
395,20200612,1
395,20200613,1
395,20200614,1
395,20200615,1
395,20200616,1
395,20200617,1
395,20200618,1
395,20200619,1
395,20200620,1
395,20200621,1
395,20200622,1
395,20200623,1
395,20200624,1
395,20200625,1
395,20200626,1
395,20200627,1
395,20200628,1
395,20200629,1
395,20200630,1
395,20200701,1
395,20200702,1
395,20200703,1
395,20200704,1
395,20200705,1
395,20200706,1
395,20200707,1
395,20200708,1
395,20200709,1
395,20200710,1
395,20200711,1
395,20200712,1
395,20200713,1
395,20200714,1
395,20200715,1
395,20200716,1
395,20200717,1
395,20200718,1
395,20200719,1
395,20200720,1
395,20200721,1
395,20200722,1
395,20200723,1
395,20200724,1
395,20200725,1
395,20200726,1
395,20200727,1
395,20200728,1
395,20200729,1
395,20200730,1
395,20200731,1
395,20200801,1
395,20200802,1
395,20200803,1
395,20200804,1
395,20200805,1
395,20200806,1
395,20200807,1
395,20200808,1
395,20200809,1
395,20200810,1
395,20200811,1
395,20200812,1
395,20200813,1
395,20200814,1
395,20200815,1
395,20200816,1
395,20200817,1
395,20200818,1
395,20200819,1
395,20200820,1
395,20200821,1
395,20200822,1
395,20200823,1
395,20200824,1
396,20200526,1
396,20200527,1
396,20200528,1
396,20200529,1
396,20200530,1
396,20200531,1
396,20200601,1
396,20200602,1
396,20200603,1
396,20200604,1
396,20200605,1
396,20200606,1
396,20200607,1
396,20200608,1
396,20200609,1
396,20200610,1
396,20200611,1
396,20200612,1
396,20200613,1
396,20200614,1
396,20200615,1
396,20200616,1
396,20200617,1
396,20200618,1
396,20200619,1
396,20200620,1
396,20200621,1
396,20200622,1
396,20200623,1
396,20200624,1
396,20200625,1
396,20200626,1
396,20200627,1
396,20200628,1
396,20200629,1
396,20200630,1
396,20200701,1
396,20200702,1
396,20200703,1
396,20200704,1
396,20200705,1
396,20200706,1
396,20200707,1
396,20200708,1
396,20200709,1
396,20200710,1
396,20200711,1
396,20200712,1
396,20200713,1
396,20200714,1
396,20200715,1
396,20200716,1
396,20200717,1
396,20200718,1
396,20200719,1
396,20200720,1
396,20200721,1
396,20200722,1
396,20200723,1
396,20200724,1
396,20200725,1
396,20200726,1
396,20200727,1
396,20200728,1
396,20200729,1
396,20200730,1
396,20200731,1
396,20200801,1
396,20200802,1
396,20200803,1
396,20200804,1
396,20200805,1
396,20200806,1
396,20200807,1
396,20200808,1
396,20200809,1
396,20200810,1
396,20200811,1
396,20200812,1
396,20200813,1
396,20200814,1
396,20200815,1
396,20200816,1
396,20200817,1
396,20200818,1
396,20200819,1
396,20200820,1
396,20200821,1
396,20200822,1
396,20200823,1
396,20200824,1
397,20200526,1
397,20200527,1
397,20200528,1
397,20200529,1
397,20200530,1
397,20200531,1
397,20200601,1
397,20200602,1
397,20200603,1
397,20200604,1
397,20200605,1
397,20200606,1
397,20200607,1
397,20200608,1
397,20200609,1
397,20200610,1
397,20200611,1
397,20200612,1
397,20200613,1
397,20200614,1
397,20200615,1
397,20200616,1
397,20200617,1
397,20200618,1
397,20200619,1
397,20200620,1
397,20200621,1
397,20200622,1
397,20200623,1
397,20200624,1
397,20200625,1
397,20200626,1
397,20200627,1
397,20200628,1
397,20200629,1
397,20200630,1
397,20200701,1
397,20200702,1
397,20200703,1
397,20200704,1
397,20200705,1
397,20200706,1
397,20200707,1
397,20200708,1
397,20200709,1
397,20200710,1
397,20200711,1
397,20200712,1
397,20200713,1
397,20200714,1
397,20200715,1
397,20200716,1
397,20200717,1
397,20200718,1
397,20200719,1
397,20200720,1
397,20200721,1
397,20200722,1
397,20200723,1
397,20200724,1
397,20200725,1
397,20200726,1
397,20200727,1
397,20200728,1
397,20200729,1
397,20200730,1
397,20200731,1
397,20200801,1
397,20200802,1
397,20200803,1
397,20200804,1
397,20200805,1
397,20200806,1
397,20200807,1
397,20200808,1
397,20200809,1
397,20200810,1
397,20200811,1
397,20200812,1
397,20200813,1
397,20200814,1
397,20200815,1
397,20200816,1
397,20200817,1
397,20200818,1
397,20200819,1
397,20200820,1
397,20200821,1
397,20200822,1
397,20200823,1
397,20200824,1
413,20200529,1
413,20200605,1
413,20200612,1
413,20200619,1
413,20200626,1
413,20200703,1
413,20200710,1
413,20200717,1
413,20200724,1
413,20200731,1
413,20200807,1
413,20200814,1
413,20200821,1
415,20200527,1
415,20200529,1
415,20200601,1
415,20200603,1
415,20200605,1
415,20200608,1
415,20200610,1
415,20200612,1
415,20200615,1
415,20200617,1
415,20200619,1
415,20200622,1
415,20200624,1
415,20200626,1
415,20200629,1
415,20200701,1
415,20200703,1
415,20200706,1
415,20200708,1
415,20200710,1
415,20200713,1
415,20200715,1
415,20200717,1
415,20200720,1
415,20200722,1
415,20200724,1
415,20200727,1
415,20200729,1
415,20200731,1
415,20200803,1
415,20200805,1
415,20200807,1
415,20200810,1
415,20200812,1
415,20200814,1
415,20200817,1
415,20200819,1
415,20200821,1
415,20200824,1
421,20200601,2
437,20200531,2
437,20200601,1
437,20200607,2
437,20200614,2
437,20200621,2
437,20200628,2
437,20200705,2
437,20200712,2
437,20200719,2
437,20200726,2
437,20200802,2
437,20200809,2
437,20200816,2
437,20200823,2
449,20200526,1
449,20200527,1
449,20200528,1
449,20200530,2
449,20200606,2
449,20200613,2
449,20200620,2
449,20200627,2
449,20200704,2
449,20200711,2
449,20200718,2
449,20200725,2
449,20200801,2
449,20200808,2
449,20200815,2
449,20200822,2
450,20200526,1
450,20200527,1
450,20200528,1
450,20200530,2
450,20200606,2
450,20200613,2
450,20200620,2
450,20200627,2
450,20200704,2
450,20200711,2
450,20200718,2
450,20200725,2
450,20200801,2
450,20200808,2
450,20200815,2
450,20200822,2
451,20200530,2
451,20200602,1
451,20200603,1
451,20200604,1
451,20200606,2
451,20200613,2
451,20200620,2
451,20200627,2
451,20200704,2
451,20200711,2
451,20200718,2
451,20200725,2
451,20200801,2
451,20200808,2
451,20200815,2
451,20200822,2
453,20200530,2
453,20200606,2
453,20200607,1
453,20200613,2
453,20200620,2
453,20200627,2
453,20200704,2
453,20200711,2
453,20200718,2
453,20200725,2
453,20200801,2
453,20200808,2
453,20200815,2
453,20200822,2
454,20200530,2
454,20200606,2
454,20200607,1
454,20200613,2
454,20200620,2
454,20200627,2
454,20200704,2
454,20200711,2
454,20200718,2
454,20200725,2
454,20200801,2
454,20200808,2
454,20200815,2
454,20200822,2
455,20200530,2
455,20200606,2
455,20200608,1
455,20200609,1
455,20200610,1
455,20200613,2
455,20200620,2
455,20200627,2
455,20200704,2
455,20200711,2
455,20200718,2
455,20200725,2
455,20200801,2
455,20200808,2
455,20200815,2
455,20200822,2
456,20200530,2
456,20200606,2
456,20200608,1
456,20200609,1
456,20200610,1
456,20200613,2
456,20200620,2
456,20200627,2
456,20200704,2
456,20200711,2
456,20200718,2
456,20200725,2
456,20200801,2
456,20200808,2
456,20200815,2
456,20200822,2
471,20200707,2
471,20200708,2
471,20200709,2
471,20200714,2
471,20200715,2
471,20200716,2
472,20200601,2
473,20200601,2
473,20200706,2
473,20200707,2
473,20200708,2
473,20200709,2
473,20200710,2
473,20200713,2
473,20200714,2
473,20200715,2
473,20200716,2
473,20200717,2
474,20200526,2
474,20200527,2
474,20200528,2
474,20200529,2
474,20200601,2
474,20200602,2
474,20200603,2
474,20200604,2
474,20200605,2
474,20200608,2
474,20200609,2
474,20200610,2
474,20200611,2
474,20200612,2
474,20200615,2
474,20200616,2
474,20200617,2
474,20200618,2
474,20200619,2
474,20200622,2
474,20200623,2
474,20200624,2
474,20200625,2
474,20200626,2
474,20200629,2
474,20200630,2
474,20200701,2
474,20200702,2
474,20200703,2
474,20200720,2
474,20200721,2
474,20200722,2
474,20200723,2
474,20200724,2
474,20200727,2
474,20200728,2
474,20200729,2
474,20200730,2
474,20200731,2
474,20200803,2
474,20200804,2
474,20200805,2
474,20200806,2
474,20200807,2
474,20200810,2
474,20200811,2
474,20200812,2
474,20200813,2
474,20200814,2
474,20200817,2
474,20200818,2
474,20200819,2
474,20200820,2
474,20200821,2
474,20200824,2
478,20200601,2
483,20200601,2
483,20200706,2
483,20200710,2
483,20200713,2
483,20200717,2
484,20200707,2
484,20200709,2
484,20200714,2
484,20200716,2
485,20200601,2
485,20200706,2
485,20200707,2
485,20200708,2
485,20200709,2
485,20200710,2
485,20200713,2
485,20200714,2
485,20200715,2
485,20200716,2
485,20200717,2
486,20200708,2
486,20200715,2
487,20200601,1
488,20200601,2
493,20200601,2
494,20200526,2
494,20200527,2
494,20200528,2
494,20200529,2
494,20200601,2
494,20200602,2
494,20200603,2
494,20200604,2
494,20200605,2
494,20200608,2
494,20200609,2
494,20200610,2
494,20200611,2
494,20200612,2
494,20200615,2
494,20200616,2
494,20200617,2
494,20200618,2
494,20200619,2
494,20200622,2
494,20200623,2
494,20200624,2
494,20200625,2
494,20200626,2
494,20200629,2
494,20200630,2
494,20200701,2
494,20200702,2
494,20200703,2
494,20200720,2
494,20200721,2
494,20200722,2
494,20200723,2
494,20200724,2
494,20200727,2
494,20200728,2
494,20200729,2
494,20200730,2
494,20200731,2
494,20200803,2
494,20200804,2
494,20200805,2
494,20200806,2
494,20200807,2
494,20200810,2
494,20200811,2
494,20200812,2
494,20200813,2
494,20200814,2
494,20200817,2
494,20200818,2
494,20200819,2
494,20200820,2
494,20200821,2
494,20200824,2
499,20200708,2
499,20200715,2
500,20200707,2
500,20200714,2
501,20200526,2
501,20200527,2
501,20200528,1
501,20200529,2
501,20200601,2
501,20200602,2
501,20200603,2
501,20200604,1
501,20200605,2
501,20200608,2
501,20200609,2
501,20200610,2
501,20200611,1
501,20200612,2
501,20200615,2
501,20200616,2
501,20200617,2
501,20200618,1
501,20200619,2
501,20200622,2
501,20200623,2
501,20200624,2
501,20200625,1
501,20200626,2
501,20200629,2
501,20200630,2
501,20200701,2
501,20200702,1
501,20200703,2
501,20200706,2
501,20200707,2
501,20200708,2
501,20200710,2
501,20200713,2
501,20200714,2
501,20200715,2
501,20200717,2
501,20200720,2
501,20200721,2
501,20200722,2
501,20200723,1
501,20200724,2
501,20200727,2
501,20200728,2
501,20200729,2
501,20200730,1
501,20200731,2
501,20200803,2
501,20200804,2
501,20200805,2
501,20200806,1
501,20200807,2
501,20200810,2
501,20200811,2
501,20200812,2
501,20200813,1
501,20200814,2
501,20200817,2
501,20200818,2
501,20200819,2
501,20200820,1
501,20200821,2
501,20200824,2
502,20200526,2
502,20200527,1
502,20200601,2
502,20200602,2
502,20200603,1
502,20200609,2
502,20200610,1
502,20200616,2
502,20200617,1
502,20200623,2
502,20200624,1
502,20200630,2
502,20200701,1
502,20200706,2
502,20200707,2
502,20200709,2
502,20200710,2
502,20200713,2
502,20200714,2
502,20200716,2
502,20200717,2
502,20200721,2
502,20200722,1
502,20200728,2
502,20200729,1
502,20200804,2
502,20200805,1
502,20200811,2
502,20200812,1
502,20200818,2
502,20200819,1
503,20200601,2
503,20200706,2
503,20200708,2
503,20200709,2
503,20200710,2
503,20200713,2
503,20200715,2
503,20200716,2
503,20200717,2
504,20200601,2
504,20200706,2
504,20200707,2
504,20200708,2
504,20200710,2
504,20200713,2
504,20200714,2
504,20200715,2
504,20200717,2
S73560_487,20200601,1
S73560_488,20200601,2
S73561_485,20200601,2
S73561_485,20200706,2
S73561_485,20200707,2
S73561_485,20200708,2
S73561_485,20200709,2
S73561_485,20200710,2
S73561_485,20200713,2
S73561_485,20200714,2
S73561_485,20200715,2
S73561_485,20200716,2
S73561_485,20200717,2
S73561_488,20200601,2
S73562_487,20200601,1
S73562_488,20200601,2
S71199_481,20200526,2
S71199_481,20200527,2
S71199_481,20200528,2
S71199_481,20200529,2
S73563_481,20200601,2
S73563_481,20200602,2
S73563_481,20200603,2
S73563_481,20200604,2
S73563_481,20200605,2
S73563_481,20200608,2
S73563_481,20200609,2
S73563_481,20200610,2
S73563_481,20200611,2
S73563_481,20200612,2
S73563_481,20200615,2
S73563_481,20200616,2
S73563_481,20200617,2
S73563_481,20200618,2
S73563_481,20200619,2
S73563_481,20200622,2
S73563_481,20200623,2
S73563_481,20200624,2
S73563_481,20200625,2
S73563_481,20200626,2
S73563_481,20200629,2
S73563_481,20200630,2
S73563_481,20200701,2
S73563_481,20200702,2
S73563_481,20200703,2
S73563_481,20200720,2
S73563_481,20200721,2
S73563_481,20200722,2
S73563_481,20200723,2
S73563_481,20200724,2
S73563_481,20200727,2
S73563_481,20200728,2
S73563_481,20200729,2
S73563_481,20200730,2
S73563_481,20200731,2
S73563_481,20200803,2
S73563_481,20200804,2
S73563_481,20200805,2
S73563_481,20200806,2
S73563_481,20200807,2
S73563_481,20200810,2
S73563_481,20200811,2
S73563_481,20200812,2
S73563_481,20200813,2
S73563_481,20200814,2
S73563_481,20200817,2
S73563_481,20200818,2
S73563_481,20200819,2
S73563_481,20200820,2
S73563_481,20200821,2
S73563_481,20200824,2
S73563_488,20200601,2
S73681_473,20200601,2
S73681_473,20200706,2
S73681_473,20200707,2
S73681_473,20200708,2
S73681_473,20200709,2
S73681_473,20200710,2
S73681_473,20200713,2
S73681_473,20200714,2
S73681_473,20200715,2
S73681_473,20200716,2
S73681_473,20200717,2
S73682_473,20200601,2
S73682_473,20200706,2
S73682_473,20200707,2
S73682_473,20200708,2
S73682_473,20200709,2
S73682_473,20200710,2
S73682_473,20200713,2
S73682_473,20200714,2
S73682_473,20200715,2
S73682_473,20200716,2
S73682_473,20200717,2
S73688_32,20200601,2
S73688_21,20200601,1
S73689_15,20200601,2
S73689_15,20200706,2
S73689_15,20200707,2
S73689_15,20200708,2
S73689_15,20200709,2
S73689_15,20200710,2
S73689_15,20200713,2
S73689_15,20200714,2
S73689_15,20200715,2
S73689_15,20200716,2
S73689_15,20200717,2
S73690_32,20200601,2
S73690_21,20200601,1
S73913_433,20200606,2
S73913_433,20200613,2
S73913_433,20200620,2
S73913_433,20200621,1
S73913_433,20200627,2
S73913_433,20200704,2
S73913_433,20200711,2
S73913_433,20200718,2
S73913_433,20200725,2
S73913_433,20200801,2
S73913_433,20200808,2
S73913_433,20200815,2
S73913_433,20200822,2
S73913_434,20200606,2
S73913_434,20200613,2
S73913_434,20200620,2
S73913_434,20200622,1
S73913_434,20200623,1
S73913_434,20200624,1
S73913_434,20200625,1
S73913_434,20200627,2
S73913_434,20200704,2
S73913_434,20200711,2
S73913_434,20200718,2
S73913_434,20200725,2
S73913_434,20200801,2
S73913_434,20200808,2
S73913_434,20200815,2
S73913_434,20200822,2
S73315_433,20200530,2
S73315_434,20200530,2
S73314_433,20200530,2
S73314_434,20200530,2
S73882_433,20200606,2
S73882_433,20200613,2
S73882_433,20200620,2
S73882_433,20200621,1
S73882_433,20200627,2
S73882_433,20200704,2
S73882_433,20200711,2
S73882_433,20200718,2
S73882_433,20200725,2
S73882_433,20200801,2
S73882_433,20200808,2
S73882_433,20200815,2
S73882_433,20200822,2
S73882_434,20200606,2
S73882_434,20200613,2
S73882_434,20200620,2
S73882_434,20200622,1
S73882_434,20200623,1
S73882_434,20200624,1
S73882_434,20200625,1
S73882_434,20200627,2
S73882_434,20200704,2
S73882_434,20200711,2
S73882_434,20200718,2
S73882_434,20200725,2
S73882_434,20200801,2
S73882_434,20200808,2
S73882_434,20200815,2
S73882_434,20200822,2
S73883_433,20200606,2
S73883_433,20200613,2
S73883_433,20200620,2
S73883_433,20200621,1
S73883_433,20200627,2
S73883_433,20200704,2
S73883_433,20200711,2
S73883_433,20200718,2
S73883_433,20200725,2
S73883_433,20200801,2
S73883_433,20200808,2
S73883_433,20200815,2
S73883_433,20200822,2
S73883_434,20200606,2
S73883_434,20200613,2
S73883_434,20200620,2
S73883_434,20200622,1
S73883_434,20200623,1
S73883_434,20200624,1
S73883_434,20200625,1
S73883_434,20200627,2
S73883_434,20200704,2
S73883_434,20200711,2
S73883_434,20200718,2
S73883_434,20200725,2
S73883_434,20200801,2
S73883_434,20200808,2
S73883_434,20200815,2
S73883_434,20200822,2
S73617_457,20200606,2
S73617_457,20200612,1
S73617_457,20200613,2
S73617_457,20200620,2
S73617_457,20200627,2
S73617_457,20200704,2
S73617_457,20200711,2
S73617_457,20200718,2
S73617_457,20200725,2
S73617_457,20200801,2
S73617_457,20200808,2
S73617_457,20200815,2
S73617_457,20200822,2
S73617_459,20200606,2
S73617_459,20200620,2
S73617_459,20200627,2
S73617_459,20200704,2
S73617_459,20200711,2
S73617_459,20200718,2
S73617_459,20200725,2
S73617_459,20200801,2
S73617_459,20200808,2
S73617_459,20200815,2
S73617_459,20200822,2
S73617_428,20200606,2
S73617_428,20200613,2
S73617_428,20200614,1
S73617_428,20200620,2
S73617_428,20200627,2
S73617_428,20200704,2
S73617_428,20200711,2
S73617_428,20200718,2
S73617_428,20200725,2
S73617_428,20200801,2
S73617_428,20200808,2
S73617_428,20200815,2
S73617_428,20200822,2
S73618_457,20200606,2
S73618_457,20200612,1
S73618_457,20200613,2
S73618_457,20200620,2
S73618_457,20200627,2
S73618_457,20200704,2
S73618_457,20200711,2
S73618_457,20200718,2
S73618_457,20200725,2
S73618_457,20200801,2
S73618_457,20200808,2
S73618_457,20200815,2
S73618_457,20200822,2
S73618_459,20200606,2
S73618_459,20200620,2
S73618_459,20200627,2
S73618_459,20200704,2
S73618_459,20200711,2
S73618_459,20200718,2
S73618_459,20200725,2
S73618_459,20200801,2
S73618_459,20200808,2
S73618_459,20200815,2
S73618_459,20200822,2
S73618_428,20200606,2
S73618_428,20200613,2
S73618_428,20200614,1
S73618_428,20200620,2
S73618_428,20200627,2
S73618_428,20200704,2
S73618_428,20200711,2
S73618_428,20200718,2
S73618_428,20200725,2
S73618_428,20200801,2
S73618_428,20200808,2
S73618_428,20200815,2
S73618_428,20200822,2
S73619_457,20200606,2
S73619_457,20200612,1
S73619_457,20200613,2
S73619_457,20200620,2
S73619_457,20200627,2
S73619_457,20200704,2
S73619_457,20200711,2
S73619_457,20200718,2
S73619_457,20200725,2
S73619_457,20200801,2
S73619_457,20200808,2
S73619_457,20200815,2
S73619_457,20200822,2
S73619_459,20200606,2
S73619_459,20200620,2
S73619_459,20200627,2
S73619_459,20200704,2
S73619_459,20200711,2
S73619_459,20200718,2
S73619_459,20200725,2
S73619_459,20200801,2
S73619_459,20200808,2
S73619_459,20200815,2
S73619_459,20200822,2
S73619_428,20200606,2
S73619_428,20200613,2
S73619_428,20200614,1
S73619_428,20200620,2
S73619_428,20200627,2
S73619_428,20200704,2
S73619_428,20200711,2
S73619_428,20200718,2
S73619_428,20200725,2
S73619_428,20200801,2
S73619_428,20200808,2
S73619_428,20200815,2
S73619_428,20200822,2
S73615_451,20200530,2
S73886_451,20200602,1
S73886_451,20200603,1
S73886_451,20200604,1
S73886_451,20200606,2
S73886_451,20200613,2
S73886_451,20200620,2
S73886_451,20200627,2
S73886_451,20200704,2
S73886_451,20200711,2
S73886_451,20200718,2
S73886_451,20200725,2
S73886_451,20200801,2
S73886_451,20200808,2
S73886_451,20200815,2
S73886_451,20200822,2
S71281_459,20200530,2
S71281_428,20200530,2
S71282_459,20200530,2
S71282_428,20200530,2
S71283_459,20200530,2
S71283_428,20200530,2
S71284_459,20200530,2
S71284_428,20200530,2
S71294_459,20200530,2
S71294_428,20200530,2
S71285_459,20200530,2
S71285_428,20200530,2
S71286_428,20200530,2
S71286_459,20200530,2
T2340042,20200601,2
T2340042,20200622,2
T2340042,20200623,2
T2340042,20200624,2
T2340042,20200625,2
T2340043,20200601,2
T2340043,20200622,2
T2340043,20200623,2
T2340043,20200624,2
T2340043,20200625,2
T2340184,20200601,1
T2340184,20200621,2
T2340185,20200601,1
T2340185,20200621,2
T2340186,20200601,1
T2340186,20200621,2
T2340187,20200601,1
T2340187,20200621,2
T2340188,20200601,1
T2340188,20200621,2
T2340189,20200601,1
T2340189,20200621,2
T2340201,20200601,2
T2340201,20200622,2
T2340201,20200623,2
T2340201,20200624,2
T2340201,20200625,2
T2340202,20200601,2
T2340202,20200622,2
T2340202,20200623,2
T2340202,20200624,2
T2340202,20200625,2
T2340203,20200601,2
T2340203,20200622,2
T2340203,20200623,2
T2340203,20200624,2
T2340203,20200625,2
T2340204,20200601,2
T2340204,20200622,2
T2340204,20200623,2
T2340204,20200624,2
T2340204,20200625,2
T2340350,20200601,1
T2340350,20200621,2
T2340351,20200601,1
T2340351,20200621,2
T2340352,20200601,1
T2340352,20200621,2
T2340353,20200601,1
T2340353,20200621,2
T2340400,20200601,2
T2340400,20200622,2
T2340400,20200623,2
T2340400,20200624,2
T2340400,20200625,2
T2340832,20200526,2
T2340832,20200527,2
T2340832,20200528,2
T2340832,20200601,2
T2340833,20200526,2
T2340833,20200527,2
T2340833,20200528,2
T2340833,20200601,2
T2340834,20200526,2
T2340834,20200527,2
T2340834,20200528,2
T2340834,20200601,2
T2340835,20200526,2
T2340835,20200527,2
T2340835,20200528,2
T2340835,20200601,2
T2340836,20200526,2
T2340836,20200527,2
T2340836,20200528,2
T2340836,20200601,2
T2340842,20200526,2
T2340842,20200527,2
T2340842,20200528,2
T2340842,20200601,2
T2340843,20200526,2
T2340843,20200527,2
T2340843,20200528,2
T2340843,20200601,2
T2340844,20200526,2
T2340844,20200527,2
T2340844,20200528,2
T2340844,20200601,2
T2340845,20200526,2
T2340845,20200527,2
T2340845,20200528,2
T2340845,20200601,2
T2340846,20200526,2
T2340846,20200527,2
T2340846,20200528,2
T2340846,20200601,2
T2340847,20200526,2
T2340847,20200527,2
T2340847,20200528,2
T2340847,20200601,2
T2341142,20200526,2
T2341142,20200527,2
T2341142,20200528,2
T2341142,20200601,2
T2341143,20200526,2
T2341143,20200527,2
T2341143,20200528,2
T2341143,20200601,2
T2341144,20200526,2
T2341144,20200527,2
T2341144,20200528,2
T2341144,20200601,2
T2341145,20200526,2
T2341145,20200527,2
T2341145,20200528,2
T2341145,20200601,2
T2341146,20200526,2
T2341146,20200527,2
T2341146,20200528,2
T2341146,20200601,2
T2341147,20200526,2
T2341147,20200527,2
T2341147,20200528,2
T2341147,20200601,2
T2341301,20200601,1
T2341301,20200614,2
T2341301,20200621,2
T2341302,20200601,1
T2341302,20200614,2
T2341302,20200621,2
T2341303,20200601,1
T2341303,20200614,2
T2341303,20200621,2
T2341304,20200601,1
T2341304,20200614,2
T2341304,20200621,2
T2341416,20200601,2
T2341416,20200612,2
T2341417,20200601,2
T2341417,20200612,2
T2341418,20200601,2
T2341418,20200612,2
T2341419,20200601,2
T2341419,20200612,2
T2341420,20200601,2
T2341420,20200612,2
T2341421,20200601,2
T2341421,20200612,2
T2341422,20200601,2
T2341422,20200612,2
T2341422,20200622,2
T2341422,20200623,2
T2341422,20200624,2
T2341422,20200625,2
T2341423,20200601,2
T2341423,20200612,2
T2341423,20200622,2
T2341423,20200623,2
T2341423,20200624,2
T2341423,20200625,2
T2341424,20200601,2
T2341424,20200612,2
T2341424,20200622,2
T2341424,20200623,2
T2341424,20200624,2
T2341424,20200625,2
T2341425,20200601,2
T2341425,20200612,2
T2341425,20200622,2
T2341425,20200623,2
T2341425,20200624,2
T2341425,20200625,2
T2341764,20200601,1
T2341764,20200614,2
T2341764,20200621,2
T2341765,20200601,1
T2341765,20200614,2
T2341765,20200621,2
T2341766,20200601,1
T2341766,20200614,2
T2341766,20200621,2
T2341767,20200601,1
T2341767,20200614,2
T2341767,20200621,2
T2341768,20200601,1
T2341768,20200614,2
T2341768,20200621,2
T2341843,20200601,2
T2341843,20200612,2
T2341844,20200601,2
T2341844,20200612,2
T2341845,20200601,2
T2341845,20200612,2
T2341846,20200601,2
T2341846,20200612,2
T2341847,20200601,2
T2341847,20200612,2
T2341847,20200622,2
T2341847,20200623,2
T2341847,20200624,2
T2341847,20200625,2
T2341848,20200601,2
T2341848,20200612,2
T2341848,20200622,2
T2341848,20200623,2
T2341848,20200624,2
T2341848,20200625,2
T2341849,20200601,2
T2341849,20200612,2
T2341849,20200622,2
T2341849,20200623,2
T2341849,20200624,2
T2341849,20200625,2
T2341850,20200601,2
T2341850,20200612,2
T2341850,20200622,2
T2341850,20200623,2
T2341850,20200624,2
T2341850,20200625,2
T2341851,20200601,2
T2341851,20200612,2
T2341851,20200622,2
T2341851,20200623,2
T2341851,20200624,2
T2341851,20200625,2
T2342532,20200601,2
T2342532,20200602,2
T2342532,20200603,2
T2342532,20200604,2
T2342542,20200601,2
T2342542,20200602,2
T2342542,20200603,2
T2342542,20200604,2
T2342543,20200601,2
T2342543,20200602,2
T2342543,20200603,2
T2342543,20200604,2
T2342544,20200601,2
T2342544,20200602,2
T2342544,20200603,2
T2342544,20200604,2
T2342545,20200601,2
T2342545,20200602,2
T2342545,20200603,2
T2342545,20200604,2
T2342546,20200601,2
T2342546,20200602,2
T2342546,20200603,2
T2342546,20200604,2
T2342547,20200601,2
T2342547,20200602,2
T2342547,20200603,2
T2342547,20200604,2
T2342741,20200601,2
T2342741,20200608,2
T2342741,20200609,2
T2342741,20200610,2
T2342742,20200601,2
T2342742,20200608,2
T2342742,20200609,2
T2342742,20200610,2
T2342743,20200601,2
T2342743,20200608,2
T2342743,20200609,2
T2342743,20200610,2
T2342744,20200601,2
T2342744,20200608,2
T2342744,20200609,2
T2342744,20200610,2
T2342745,20200601,2
T2342745,20200608,2
T2342745,20200609,2
T2342745,20200610,2
T2342746,20200601,2
T2342746,20200608,2
T2342746,20200609,2
T2342746,20200610,2
T2342747,20200601,2
T2342747,20200608,2
T2342747,20200609,2
T2342747,20200610,2
T2342748,20200601,2
T2342748,20200608,2
T2342748,20200609,2
T2342748,20200610,2
T2342855,20200601,1
T2342855,20200607,2
T2342856,20200601,1
T2342856,20200607,2
T2342857,20200601,1
T2342857,20200607,2
T2342858,20200601,1
T2342858,20200607,2
T2342859,20200601,1
T2342859,20200607,2
T2342860,20200601,1
T2342860,20200607,2
T2342861,20200601,1
T2342861,20200607,2
T2342985,20200601,1
T2342985,20200607,2
T2342986,20200601,1
T2342986,20200607,2
T2342987,20200601,1
T2342987,20200607,2
T2342988,20200601,1
T2342988,20200607,2
T2343217,20200601,2
T2343217,20200608,2
T2343217,20200609,2
T2343217,20200610,2
T2343218,20200601,2
T2343218,20200608,2
T2343218,20200609,2
T2343218,20200610,2
T2343219,20200601,2
T2343219,20200608,2
T2343219,20200609,2
T2343219,20200610,2
T2343220,20200601,2
T2343220,20200608,2
T2343220,20200609,2
T2343220,20200610,2
T2343259,20200601,2
T2343259,20200602,2
T2343259,20200603,2
T2343259,20200604,2
T2343260,20200601,2
T2343260,20200602,2
T2343260,20200603,2
T2343260,20200604,2
T2343261,20200601,2
T2343261,20200602,2
T2343261,20200603,2
T2343261,20200604,2
T2343262,20200601,2
T2343262,20200602,2
T2343262,20200603,2
T2343262,20200604,2
T2343263,20200601,2
T2343263,20200602,2
T2343263,20200603,2
T2343263,20200604,2
T2343264,20200601,2
T2343264,20200602,2
T2343264,20200603,2
T2343264,20200604,2
T2343265,20200601,2
T2343265,20200602,2
T2343265,20200603,2
T2343265,20200604,2
T2343266,20200601,2
T2343266,20200602,2
T2343266,20200603,2
T2343266,20200604,2
T2391595,20200601,2
T2391595,20200602,2
T2391595,20200603,2
T2391595,20200604,2
T2391596,20200601,2
T2391596,20200602,2
T2391596,20200603,2
T2391596,20200604,2
T2391597,20200601,2
T2391597,20200602,2
T2391597,20200603,2
T2391597,20200604,2
T2391598,20200601,2
T2391598,20200602,2
T2391598,20200603,2
T2391598,20200604,2
T2391599,20200601,2
T2391599,20200602,2
T2391599,20200603,2
T2391599,20200604,2
T2391600,20200601,2
T2391600,20200602,2
T2391600,20200603,2
T2391600,20200604,2
T2391601,20200601,2
T2391601,20200602,2
T2391601,20200603,2
T2391601,20200604,2
T2391602,20200601,2
T2391602,20200602,2
T2391602,20200603,2
T2391602,20200604,2
T2391955,20200601,2
T2391955,20200602,2
T2391955,20200603,2
T2391955,20200604,2
T2392082,20200601,2
T2392082,20200602,2
T2392082,20200603,2
T2392082,20200604,2
T2392083,20200601,2
T2392083,20200602,2
T2392083,20200603,2
T2392083,20200604,2
T2392084,20200601,2
T2392084,20200602,2
T2392084,20200603,2
T2392084,20200604,2
T2392085,20200601,2
T2392085,20200602,2
T2392085,20200603,2
T2392085,20200604,2
T2392086,20200601,2
T2392086,20200602,2
T2392086,20200603,2
T2392086,20200604,2
T2392087,20200601,2
T2392087,20200602,2
T2392087,20200603,2
T2392087,20200604,2
T2392088,20200601,2
T2392088,20200602,2
T2392088,20200603,2
T2392088,20200604,2
